162
234
174
166
50
32
174
136
65
19
7
38
33
63
237
37
12
204
17
48
12
219
54
127
153
153
205
83
193
168
90
151
39
95
194
192
132
136
174
128
8
180
180
55
172
182
14
225
247
119
210
2
64
46
168
139
37
31
72
82
19
59
183
172
53
54
49
44
83
73
11
68
74
74
19
62
48
54
127
119
92
77
90
83
10
30
11
50
178
74
128
40
42
12
98
130
212
240
160
232
59
52
121
44
244
36
251
70
212
247
251
31
138
184
143
252
201
155
157
156
196
149
251
239
76
95
207
185
170
168
186
170
170
170
162
156
75
197
8
140
147
172
136
1
12
92
117
109
74
180
190
157
24
136
130
0
107
174
136
153
32
11
26
107
244
138
103
99
21
90
112
125
63
121
117
63
192
106
88
111
205
30
81
215
213
214
220
39
75
3
89
226
7
29
123
89
76
93
146
210
74
81
93
117
94
209
123
21
127
117
87
231
196
239
61
199
93
223
208
42
138
64
35
68
