36
38
33
97
86
84
81
85
82
87
83
62
28
62
61
61
29
65
63
32
60
57
46
207
201
205
15
86
71
180
171
178
37
40
38
24
72
72
68
66
73
68
71
59
29
67
58
63
59
57
61
25
56
68
62
34
37
31
72
67
83
63
183
172
37
38
35
36
83
73
75
76
75
74
82
62
32
62
62
55
92
76
74
83
73
206
139
204
181
193
41
73
70
88
65
179
39
40
37
40
29
36
24
33
32
33
30
66
32
71
125
127
74
220
222
212
219
206
197
197
197
177
186
45
73
63
78
175
34
42
39
39
34
39
37
28
29
31
28
3
30
67
58
58
47
61
224
211
216
29
205
194
196
197
182
46
72
68
80
174
35
40
36
37
42
33
81
77
223
206
84
63
31
59
61
59
64
47
60
237
221
30
213
197
196
194
184
45
75
69
72
174
38
103
111
117
12
53
202
70
74
67
71
61
26
66
40
37
52
48
71
102
87
238
27
207
203
187
188
43
76
80
81
191
