36
38
33
97
86
84
81
85
82
87
83
62
28
62
61
61
29
65
63
32
60
57
46
207
201
205
79
82
71
180
171
178
37
40
38
24
72
72
68
66
73
68
71
59
29
67
58
63
59
57
61
25
56
68
62
34
37
31
72
67
83
63
183
172
37
38
35
36
83
73
75
76
75
74
82
62
32
62
62
55
92
76
74
82
73
206
203
204
181
193
41
73
70
88
65
179
39
40
37
40
29
36
24
33
32
33
30
66
32
67
59
55
74
220
222
212
219
206
197
197
197
177
186
45
73
63
78
175
34
42
39
39
34
39
37
28
29
31
28
65
30
67
58
58
47
61
224
211
216
29
205
194
196
197
182
46
72
68
80
174
35
40
36
37
42
33
81
77
77
74
84
63
31
59
61
59
64
47
60
237
221
30
213
197
196
194
184
45
75
69
72
174
38
35
47
40
37
37
74
70
74
67
71
61
30
66
57
61
57
52
78
230
213
238
27
207
203
187
188
43
76
64
81
174
36
40
38
38
40
37
74
72
66
72
73
60
30
64
60
60
53
79
73
231
234
216
208
214
30
206
180
46
75
68
76
173
37
40
38
43
36
35
79
71
76
74
73
66
29
71
61
60
84
208
64
232
232
216
206
31
50
203
180
48
70
69
77
174
38
35
40
38
35
41
19
91
18
83
27
67
30
27
31
25
68
202
64
229
232
218
199
216
28
202
182
45
80
68
79
176
38
38
43
39
43
37
40
24
93
26
33
68
65
68
58
78
226
230
63
228
208
236
28
204
205
198
181
48
73
65
80
170
34
37
39
35
41
38
37
38
30
39
36
32
36
34
22
58
234
234
55
233
223
30
211
194
195
196
186
45
73
77
73
173
37
43
36
44
34
39
39
38
41
34
39
39
38
28
82
222
227
52
241
234
225
31
205
193
196
197
181
47
73
71
71
173
38
37
40
37
41
36
40
40
38
42
38
36
33
81
74
224
50
231
233
217
222
202
194
196
196
194
189
49
70
68
78
171
36
38
38
38
40
39
39
37
42
35
39
26
81
72
71
227
62
59
64
67
52
204
200
191
191
189
33
61
71
71
72
173
37
40
39
36
37
39
35
40
37
40
25
85
67
70
74
232
228
232
226
216
203
41
44
205
182
25
195
48
75
71
75
174
32
36
36
35
34
38
33
36
36
27
81
73
72
67
72
234
246
229
234
211
210
209
203
195
197
203
192
38
53
69
80
173
63
57
59
64
66
59
69
59
61
61
77
68
70
69
67
236
242
250
231
238
239
217
192
195
198
206
27
200
48
72
76
170
49
55
49
52
51
55
51
53
57
60
72
65
77
67
73
240
242
249
247
232
236
211
218
192
194
207
44
187
47
73
74
177
170
185
183
165
166
167
150
154
55
53
71
73
69
67
72
236
248
246
247
249
233
240
215
219
196
203
40
191
46
68
78
172
226
171
177
172
158
160
159
148
50
57
74
69
71
67
70
48
247
243
251
244
248
235
215
216
190
208
42
193
44
78
76
170
216
238
163
172
179
155
161
168
51
58
74
71
66
73
69
65
243
251
243
249
249
230
237
214
216
204
40
188
47
72
78
176
234
235
237
167
173
175
161
166
46
53
75
70
73
70
68
71
50
244
243
246
246
249
239
237
216
205
36
191
47
72
76
173
234
250
229
236
171
177
158
170
52
60
68
74
70
74
67
70
73
237
247
248
248
247
235
238
217
214
47
188
44
74
75
175
240
250
248
236
167
179
174
170
50
56
72
72
72
71
70
73
68
49
240
247
241
250
248
236
227
34
38
195
46
69
79
174
252
251
251
239
233
179
190
177
54
57
73
71
71
71
69
70
71
69
48
239
239
246
244
234
207
227
225
189
43
74
62
176
24
25
30
25
34
37
40
37
55
58
72
69
71
71
70
70
70
72
67
69
49
232
238
231
235
216
225
27
72
67
184
174
245
247
242
247
232
176
191
172
52
56
72
69
71
71
71
71
73
71
72
65
65
69
76
42
48
32
30
66
67
181
177
193
238
251
245
247
231
172
173
186
49
56
72
69
70
70
70
71
70
69
72
68
72
74
60
212
201
212
202
204
198
192
193
195
235
254
248
246
236
170
172
184
49
56
74
71
70
70
69
70
71
70
71
73
72
66
65
196
195
190
197
191
197
199
197
194
235
254
247
248
233
173
179
182
50
57
74
70
71
72
70
71
69
72
70
72
67
75
60
199
194
198
194
198
197
189
195
130
238
253
248
246
234
173
174
184
51
57
72
69
71
74
72
71
72
74
69
74
73
65
64
198
196
191
197
192
194
198
195
99
36
38
33
97
86
84
81
85
82
87
83
62
28
62
61
61
29
65
63
32
60
57
46
207
201
205
79
82
71
180
171
178
37
40
38
24
72
72
68
66
73
68
71
59
29
67
58
63
59
57
61
25
56
68
62
34
37
31
72
67
83
63
183
172
37
38
35
36
83
73
75
76
75
74
82
62
32
62
62
55
92
76
74
82
73
206
203
204
181
193
41
73
70
88
65
179
39
40
37
40
29
36
24
33
32
33
30
66
32
67
59
55
74
220
222
212
219
206
197
197
197
177
186
45
73
63
78
175
34
42
39
39
34
39
37
28
29
31
28
65
30
67
58
58
47
61
224
211
216
29
205
194
196
197
182
46
72
68
80
174
35
40
36
37
42
33
81
77
77
74
84
63
31
59
61
59
64
47
60
237
221
30
213
197
196
194
184
45
75
69
72
174
38
35
47
40
37
37
74
70
74
67
71
61
30
66
57
61
57
52
78
230
213
238
27
207
203
187
188
43
76
64
81
174
36
40
38
38
40
37
74
72
66
72
73
60
30
64
60
60
53
79
73
231
234
216
208
214
30
206
180
46
75
68
76
173
37
40
38
43
36
35
79
71
76
74
73
66
29
71
61
60
84
208
64
232
232
216
206
31
50
203
180
48
70
69
77
174
38
35
40
38
35
41
19
91
18
83
27
67
30
27
31
25
68
202
64
229
232
218
199
216
28
202
182
45
80
68
79
176
38
38
43
39
43
37
40
24
93
26
33
68
65
68
58
78
226
230
63
228
208
236
28
204
205
198
181
48
73
65
80
170
34
37
39
35
41
38
37
38
30
39
36
32
36
34
22
58
234
234
55
233
223
30
211
194
195
196
186
45
73
77
73
173
37
43
36
44
34
39
39
38
41
34
39
39
38
28
82
222
227
52
241
234
225
31
205
193
196
197
181
47
73
71
71
173
38
37
40
37
41
36
40
40
38
42
38
36
33
81
74
224
50
231
233
217
222
202
194
196
196
194
189
49
70
68
78
171
36
38
38
38
40
39
39
37
42
35
39
26
81
72
71
227
62
59
64
67
52
204
200
191
191
189
33
61
71
71
72
173
37
40
39
36
37
39
35
40
37
40
25
85
67
70
74
232
228
232
226
216
203
41
44
205
182
25
195
48
75
71
75
174
32
36
36
35
34
38
33
36
36
27
81
73
72
67
72
234
246
229
234
211
210
209
203
195
197
203
192
38
53
69
80
173
63
57
59
64
66
59
69
59
61
61
77
68
70
69
67
236
242
250
231
238
239
217
192
195
198
206
27
200
48
72
76
170
49
55
49
52
51
55
51
53
57
60
72
65
77
67
73
240
242
249
247
232
236
211
218
192
194
207
44
187
47
73
74
177
170
185
183
165
166
167
150
154
55
53
71
73
69
67
72
236
248
246
247
249
233
240
215
219
196
203
40
191
46
68
78
172
226
171
177
172
158
160
159
148
50
57
74
69
71
67
70
48
247
243
251
244
248
235
215
216
190
208
42
193
44
78
76
170
216
238
163
172
179
155
161
168
51
58
74
71
66
73
69
65
243
251
243
249
249
230
237
214
216
204
40
188
47
72
78
176
234
235
237
167
173
175
161
166
46
53
75
70
73
70
68
71
50
244
243
246
246
249
239
237
216
205
36
191
47
72
76
173
234
250
229
236
171
177
158
170
52
60
68
74
70
74
67
70
73
237
247
248
248
247
235
238
217
214
47
188
44
74
75
175
240
250
248
236
167
179
174
170
50
56
72
72
72
71
70
73
68
49
240
247
241
250
248
236
227
34
38
195
46
69
79
174
252
251
251
239
233
179
190
177
54
57
73
71
71
71
69
70
71
69
48
239
239
246
244
234
207
227
225
189
43
74
62
176
24
25
30
25
34
37
40
37
55
58
72
69
71
71
70
70
70
72
67
69
49
232
238
231
235
216
225
27
72
67
184
174
245
247
242
247
232
176
191
172
52
56
72
69
71
71
71
71
73
71
72
65
65
69
76
42
48
32
30
66
67
181
177
193
238
251
245
247
231
172
173
186
49
56
72
69
70
70
70
71
70
69
72
68
72
74
60
212
201
212
202
204
198
192
193
195
235
254
248
246
236
170
172
184
49
56
74
71
70
70
69
70
71
70
71
73
72
66
65
196
195
190
197
191
197
199
197
194
235
254
247
248
233
173
179
182
50
57
74
70
71
72
70
71
69
72
70
72
67
75
60
199
194
198
194
198
197
189
195
130
238
253
248
246
234
173
174
184
51
57
72
69
71
74
72
71
72
74
69
74
73
65
64
198
196
191
197
192
194
198
195
99
36
38
33
97
86
84
81
85
82
87
83
62
28
62
61
61
29
65
63
32
60
57
46
207
201
205
79
82
71
180
171
178
37
40
38
24
72
72
68
66
73
68
71
59
29
67
58
63
59
57
61
25
56
68
62
34
37
31
72
67
83
63
183
172
37
38
35
36
83
73
75
76
75
74
82
62
32
62
62
55
92
76
74
82
73
206
203
204
181
193
41
73
70
88
65
179
39
40
37
40
29
36
24
33
32
33
30
66
32
67
59
55
74
220
222
212
219
206
197
197
197
177
186
45
73
63
78
175
34
42
39
39
34
39
37
28
29
31
28
65
30
67
58
58
47
61
224
211
216
29
205
194
196
197
182
46
72
68
80
174
35
40
36
37
42
33
81
77
77
74
84
63
31
59
61
59
64
47
60
237
221
30
213
197
196
194
184
45
75
69
72
174
38
35
47
40
37
37
74
70
74
67
71
61
30
66
57
61
57
52
78
230
213
238
27
207
203
187
188
43
76
64
81
174
36
40
38
38
40
37
74
72
66
72
73
60
30
64
60
60
53
79
73
231
234
216
208
214
30
206
180
46
75
68
76
173
37
40
38
43
36
35
79
71
76
74
73
66
29
71
61
60
84
208
64
232
232
216
206
31
50
203
180
48
70
69
77
174
38
35
40
38
35
41
19
91
18
83
27
67
30
27
31
25
68
202
64
229
232
218
199
216
28
202
182
45
80
68
79
176
38
38
43
39
43
37
40
24
93
26
33
68
65
68
58
78
226
230
63
228
208
236
28
204
205
198
181
48
73
65
80
170
34
37
39
35
41
38
37
38
30
39
36
32
36
34
22
58
234
234
55
233
223
30
211
194
195
196
186
45
73
77
73
173
37
43
36
44
34
39
39
38
41
34
39
39
38
28
82
222
227
52
241
234
225
31
205
193
196
197
181
47
73
71
71
173
38
37
40
37
41
36
40
40
38
42
38
36
33
81
74
224
50
231
233
217
222
202
194
196
196
194
189
49
70
68
78
171
36
38
38
38
40
39
39
37
42
35
39
26
81
72
71
227
62
59
64
67
52
204
200
191
191
189
33
61
71
71
72
173
37
40
39
36
37
39
35
40
37
40
25
85
67
70
74
232
228
232
226
216
203
41
44
205
182
25
195
48
75
71
75
174
32
36
36
35
34
38
33
36
36
27
81
73
72
67
72
234
246
229
234
211
210
209
203
195
197
203
192
38
53
69
80
173
63
57
59
64
66
59
69
59
61
61
77
68
70
69
67
236
242
250
231
238
239
217
192
195
198
206
27
200
48
72
76
170
49
55
49
52
51
55
51
53
57
60
72
65
77
67
73
240
242
249
247
232
236
211
218
192
194
207
44
187
47
73
74
177
170
185
183
165
166
167
150
154
55
53
71
73
69
67
72
236
248
246
247
249
233
240
215
219
196
203
40
191
46
68
78
172
226
171
177
172
158
160
159
148
50
57
74
69
71
67
70
48
247
243
251
244
248
235
215
216
190
208
42
193
44
78
76
170
216
238
163
172
179
155
161
168
51
58
74
71
66
73
69
65
243
251
243
249
249
230
237
214
216
204
40
188
47
72
78
176
234
235
237
167
173
175
161
166
46
53
75
70
73
70
68
71
50
244
243
246
246
249
239
237
216
205
36
191
47
72
76
173
234
250
229
236
171
177
158
170
52
60
68
74
70
74
67
70
73
237
247
248
248
247
235
238
217
214
47
188
44
74
75
175
240
250
248
236
167
179
174
170
50
56
72
72
72
71
70
73
68
49
240
247
241
250
248
236
227
34
38
195
46
69
79
174
252
251
251
239
233
179
190
177
54
57
73
71
71
71
69
70
71
69
48
239
239
246
244
234
207
227
225
189
43
74
62
176
24
25
30
25
34
37
40
37
55
58
72
69
71
71
70
70
70
72
67
69
49
232
238
231
235
216
225
27
72
67
184
174
245
247
242
247
232
176
191
172
52
56
72
69
71
71
71
71
73
71
72
65
65
69
76
42
48
32
30
66
67
181
177
193
238
251
245
247
231
172
173
186
49
56
72
69
70
70
70
71
70
69
72
68
72
74
60
212
201
212
202
204
198
192
193
195
235
254
248
246
236
170
172
184
49
56
74
71
70
70
69
70
71
70
71
73
72
66
65
196
195
190
197
191
197
199
197
194
235
254
247
248
233
173
179
182
50
57
74
70
71
72
70
71
69
72
70
72
67
75
60
199
194
198
194
198
197
189
195
130
238
253
248
246
234
173
174
184
51
57
72
69
71
74
72
71
72
74
69
74
73
65
64
198
196
191
197
192
194
198
195
99
36
38
33
97
86
84
81
85
82
87
83
62
28
62
61
61
29
65
63
32
60
57
46
207
201
205
79
82
71
180
171
178
37
40
38
24
72
72
68
66
73
68
71
59
29
67
58
63
59
57
61
25
56
68
62
34
37
31
72
67
83
63
183
172
37
38
35
36
83
73
75
76
75
74
82
62
32
62
62
55
92
76
74
82
73
206
203
204
181
193
41
73
70
88
65
179
39
40
37
40
29
36
24
33
32
33
30
66
32
67
59
55
74
220
222
212
219
206
197
197
197
177
186
45
73
63
78
175
34
42
39
39
34
39
37
28
29
31
28
65
30
67
58
58
47
61
224
211
216
29
205
194
196
197
182
46
72
68
80
174
35
40
36
37
42
33
81
77
77
74
84
63
31
59
61
59
64
47
60
237
221
30
213
197
196
194
184
45
75
69
72
174
38
35
47
40
37
37
74
70
74
67
71
61
30
66
57
61
57
52
78
230
213
238
27
207
203
187
188
43
76
64
81
174
36
40
38
38
40
37
74
72
66
72
73
60
30
64
60
60
53
79
73
231
234
216
208
214
30
206
180
46
75
68
76
173
37
40
38
43
36
35
79
71
76
74
73
66
29
71
61
60
84
208
64
232
232
216
206
31
50
203
180
48
70
69
77
174
38
35
40
38
35
41
19
91
18
83
27
67
30
27
31
25
68
202
64
229
232
218
199
216
28
202
182
45
80
68
79
176
38
38
43
39
43
37
40
24
93
26
33
68
65
68
58
78
226
230
63
228
208
236
28
204
205
198
181
48
73
65
80
170
34
37
39
35
41
38
37
38
30
39
36
32
36
34
22
58
234
234
55
233
223
30
211
194
195
196
186
45
73
77
73
173
37
43
36
44
34
39
39
38
41
34
39
39
38
28
82
222
227
52
241
234
225
31
205
193
196
197
181
47
73
71
71
173
38
37
40
37
41
36
40
40
38
42
38
36
33
81
74
224
50
231
233
217
222
202
194
196
196
194
189
49
70
68
78
171
36
38
38
38
40
39
39
37
42
35
39
26
81
72
71
227
62
59
64
67
52
204
200
191
191
189
33
61
71
71
72
173
37
40
39
36
37
39
35
40
37
40
25
85
67
70
74
232
228
232
226
216
203
41
44
205
182
25
195
48
75
71
75
174
32
36
36
35
34
38
33
36
36
27
81
73
72
67
72
234
246
229
234
211
210
209
203
195
197
203
192
38
53
69
80
173
63
57
59
64
66
59
69
59
61
61
77
68
70
69
67
236
242
250
231
238
239
217
192
195
198
206
27
200
48
72
76
170
49
55
49
52
51
55
51
53
57
60
72
65
77
67
73
240
242
249
247
232
236
211
218
192
194
207
44
187
47
73
74
177
170
185
183
165
166
167
150
154
55
53
71
73
69
67
72
236
248
246
247
249
233
240
215
219
196
203
40
191
46
68
78
172
226
171
177
172
158
160
159
148
50
57
74
69
71
67
70
48
247
243
251
244
248
235
215
216
190
208
42
193
44
78
76
170
216
238
163
172
179
155
161
168
51
58
74
71
66
73
69
65
243
251
243
249
249
230
237
214
216
204
40
188
47
72
78
176
234
235
237
167
173
175
161
166
46
53
75
70
73
70
68
71
50
244
243
246
246
249
239
237
216
205
36
191
47
72
76
173
234
250
229
236
171
177
158
170
52
60
68
74
70
74
67
70
73
237
247
248
248
247
235
238
217
214
47
188
44
74
75
175
240
250
248
236
167
179
174
170
50
56
72
72
72
71
70
73
68
49
240
247
241
250
248
236
227
34
38
195
46
69
79
174
252
251
251
239
233
179
190
177
54
57
73
71
71
71
69
70
71
69
48
239
239
246
244
234
207
227
225
189
43
74
62
176
24
25
30
25
34
37
40
37
55
58
72
69
71
71
70
70
70
72
67
69
49
232
238
231
235
216
225
27
72
67
184
174
245
247
242
247
232
176
191
172
52
56
72
69
71
71
71
71
73
71
72
65
65
69
76
42
48
32
30
66
67
181
177
193
238
251
245
247
231
172
173
186
49
56
72
69
70
70
70
71
70
69
72
68
72
74
60
212
201
212
202
204
198
192
193
195
235
254
248
246
236
170
172
184
49
56
74
71
70
70
69
70
71
70
71
73
72
66
65
196
195
190
197
191
197
199
197
194
235
254
247
248
233
173
179
182
50
57
74
70
71
72
70
71
69
72
70
72
67
75
60
199
194
198
194
198
197
189
195
130
238
253
248
246
234
173
174
184
51
57
72
69
71
74
72
71
72
74
69
74
73
65
64
198
196
191
197
192
194
198
195
99
36
38
33
97
86
84
81
85
82
87
83
62
28
62
61
61
29
65
63
32
60
57
46
207
201
205
79
82
71
180
171
178
37
40
38
24
72
72
68
66
73
68
71
59
29
67
58
63
59
57
61
25
56
68
62
34
37
31
72
67
83
63
183
172
37
38
35
36
83
73
75
76
75
74
82
62
32
62
62
55
92
76
74
82
73
206
203
204
181
193
41
73
70
88
65
179
39
40
37
40
29
36
24
33
32
33
30
66
32
67
59
55
74
220
222
212
219
206
197
197
197
177
186
45
73
63
78
175
34
42
39
39
34
39
37
28
29
31
28
65
30
67
58
58
47
61
224
211
216
29
205
194
196
197
182
46
72
68
80
174
35
40
36
37
42
33
81
77
77
74
84
63
31
59
61
59
64
47
60
237
221
30
213
197
196
194
184
45
75
69
72
174
38
35
47
40
37
37
74
70
74
67
71
61
30
66
57
61
57
52
78
230
213
238
27
207
203
187
188
43
76
64
81
174
36
40
38
38
40
37
74
72
66
72
73
60
30
64
60
60
53
79
73
231
234
216
208
214
30
206
180
46
75
68
76
173
37
40
38
43
36
35
79
71
76
74
73
66
29
71
61
60
84
208
64
232
232
216
206
31
50
203
180
48
70
69
77
174
38
35
40
38
35
41
19
91
18
83
27
67
30
27
31
25
68
202
64
229
232
218
199
216
28
202
182
45
80
68
79
176
38
38
43
39
43
37
40
24
93
26
33
68
65
68
58
78
226
230
63
228
208
236
28
204
205
198
181
48
73
65
80
170
34
37
39
35
41
38
37
38
30
39
36
32
36
34
22
58
234
234
55
233
223
30
211
194
195
196
186
45
73
77
73
173
37
43
36
44
34
39
39
38
41
34
39
39
38
28
82
222
227
52
241
234
225
31
205
193
196
197
181
47
73
71
71
173
38
37
40
37
41
36
40
40
38
42
38
36
33
81
74
224
50
231
233
217
222
202
194
196
196
194
189
49
70
68
78
171
36
38
38
38
40
39
39
37
42
35
39
26
81
72
71
227
62
59
64
67
52
204
200
191
191
189
33
61
71
71
72
173
37
40
39
36
37
39
35
40
37
40
25
85
67
70
74
232
228
232
226
216
203
41
44
205
182
25
195
48
75
71
75
174
32
36
36
35
34
38
33
36
36
27
81
73
72
67
72
234
246
229
234
211
210
209
203
195
197
203
192
38
53
69
80
173
63
57
59
64
66
59
69
59
61
61
77
68
70
69
67
236
242
250
231
238
239
217
192
195
198
206
27
200
48
72
76
170
49
55
49
52
51
55
51
53
57
60
72
65
77
67
73
240
242
249
247
232
236
211
218
192
194
207
44
187
47
73
74
177
170
185
183
165
166
167
150
154
55
53
71
73
69
67
72
236
248
246
247
249
233
240
215
219
196
203
40
191
46
68
78
172
226
171
177
172
158
160
159
148
50
57
74
69
71
67
70
48
247
243
251
244
248
235
215
216
190
208
42
193
44
78
76
170
216
238
163
172
179
155
161
168
51
58
74
71
66
73
69
65
243
251
243
249
249
230
237
214
216
204
40
188
47
72
78
176
234
235
237
167
173
175
161
166
46
53
75
70
73
70
68
71
50
244
243
246
246
249
239
237
216
205
36
191
47
72
76
173
234
250
229
236
171
177
158
170
52
60
68
74
70
74
67
70
73
237
247
248
248
247
235
238
217
214
47
188
44
74
75
175
240
250
248
236
167
179
174
170
50
56
72
72
72
71
70
73
68
49
240
247
241
250
248
236
227
34
38
195
46
69
79
174
252
251
251
239
233
179
190
177
54
57
73
71
71
71
69
70
71
69
48
239
239
246
244
234
207
227
225
189
43
74
62
176
24
25
30
25
34
37
40
37
55
58
72
69
71
71
70
70
70
72
67
69
49
232
238
231
235
216
225
27
72
67
184
174
245
247
242
247
232
176
191
172
52
56
72
69
71
71
71
71
73
71
72
65
65
69
76
42
48
32
30
66
67
181
177
193
238
251
245
247
231
172
173
186
49
56
72
69
70
70
70
71
70
69
72
68
72
74
60
212
201
212
202
204
198
192
193
195
235
254
248
246
236
170
172
184
49
56
74
71
70
70
69
70
71
70
71
73
72
66
65
196
195
190
197
191
197
199
197
194
235
254
247
248
233
173
179
182
50
57
74
70
71
72
70
71
69
72
70
72
67
75
60
199
194
198
194
198
197
189
195
130
238
253
248
246
234
173
174
184
51
57
72
69
71
74
72
71
72
74
69
74
73
65
64
198
196
191
197
192
194
198
195
99
36
38
33
97
86
84
81
85
82
87
83
62
28
62
61
61
29
65
63
32
60
57
46
207
201
205
79
82
71
180
171
178
37
40
38
24
72
72
68
66
73
68
71
59
29
67
58
63
59
57
61
25
56
68
62
34
37
31
72
67
83
63
183
172
37
38
35
36
83
73
75
76
75
74
82
62
32
62
62
55
92
76
74
82
73
206
203
204
181
193
41
73
70
88
65
179
39
40
37
40
29
36
24
33
32
33
30
66
32
67
59
55
74
220
222
212
219
206
197
197
197
177
186
45
73
63
78
175
34
42
39
39
34
39
37
28
29
31
28
65
30
67
58
58
47
61
224
211
216
29
205
194
196
197
182
46
72
68
80
174
35
40
36
37
42
33
81
77
77
74
84
63
31
59
61
59
64
47
60
237
221
30
213
197
196
194
184
45
75
69
72
174
38
35
47
40
37
37
74
70
74
67
71
61
30
66
57
61
57
52
78
230
213
238
27
207
203
187
188
43
76
64
81
174
36
40
38
38
40
37
74
72
66
72
73
60
30
64
60
60
53
79
73
231
234
216
208
214
30
206
180
46
75
68
76
173
37
40
38
43
36
35
79
71
76
74
73
66
29
71
61
60
84
208
64
232
232
216
206
31
50
203
180
48
70
69
77
174
38
35
40
38
35
41
19
91
18
83
27
67
30
27
31
25
68
202
64
229
232
218
199
216
28
202
182
45
80
68
79
176
38
38
43
39
43
37
40
24
93
26
33
68
65
68
58
78
226
230
63
228
208
236
28
204
205
198
181
48
73
65
80
170
34
37
39
35
41
38
37
38
30
39
36
32
36
34
22
58
234
234
55
233
223
30
211
194
195
196
186
45
73
77
73
173
37
43
36
44
34
39
39
38
41
34
39
39
38
28
82
222
227
52
241
234
225
31
205
193
196
197
181
47
73
71
71
173
38
37
40
37
41
36
40
40
38
42
38
36
33
81
74
224
50
231
233
217
222
202
194
196
196
194
189
49
70
68
78
171
36
38
38
38
40
39
39
37
42
35
39
26
81
72
71
227
62
59
64
67
52
204
200
191
191
189
33
61
71
71
72
173
37
40
39
36
37
39
35
40
37
40
25
85
67
70
74
232
228
232
226
216
203
41
44
205
182
25
195
48
75
71
75
174
32
36
36
35
34
38
33
36
36
27
81
73
72
67
72
234
246
229
234
211
210
209
203
195
197
203
192
38
53
69
80
173
63
57
59
64
66
59
69
59
61
61
77
68
70
69
67
236
242
250
231
238
239
217
192
195
198
206
27
200
48
72
76
170
49
55
49
52
51
55
51
53
57
60
72
65
77
67
73
240
242
249
247
232
236
211
218
192
194
207
44
187
47
73
74
177
170
185
183
165
166
167
150
154
55
53
71
73
69
67
72
236
248
246
247
249
233
240
215
219
196
203
40
191
46
68
78
172
226
171
177
172
158
160
159
148
50
57
74
69
71
67
70
48
247
243
251
244
248
235
215
216
190
208
42
193
44
78
76
170
216
238
163
172
179
155
161
168
51
58
74
71
66
73
69
65
243
251
243
249
249
230
237
214
216
204
40
188
47
72
78
176
234
235
237
167
173
175
161
166
46
53
75
70
73
70
68
71
50
244
243
246
246
249
239
237
216
205
36
191
47
72
76
173
234
250
229
236
171
177
158
170
52
60
68
74
70
74
67
70
73
237
247
248
248
247
235
238
217
214
47
188
44
74
75
175
240
250
248
236
167
179
174
170
50
56
72
72
72
71
70
73
68
49
240
247
241
250
248
236
227
34
38
195
46
69
79
174
252
251
251
239
233
179
190
177
54
57
73
71
71
71
69
70
71
69
48
239
239
246
244
234
207
227
225
189
43
74
62
176
24
25
30
25
34
37
40
37
55
58
72
69
71
71
70
70
70
72
67
69
49
232
238
231
235
216
225
27
72
67
184
174
245
247
242
247
232
176
191
172
52
56
72
69
71
71
71
71
73
71
72
65
65
69
76
42
48
32
30
66
67
181
177
193
238
251
245
247
231
172
173
186
49
56
72
69
70
70
70
71
70
69
72
68
72
74
60
212
201
212
202
204
198
192
193
195
235
254
248
246
236
170
172
184
49
56
74
71
70
70
69
70
71
70
71
73
72
66
65
196
195
190
197
191
197
199
197
194
235
254
247
248
233
173
179
182
50
57
74
70
71
72
70
71
69
72
70
72
67
75
60
199
194
198
194
198
197
189
195
130
238
253
248
246
234
173
174
184
51
57
72
69
71
74
72
71
72
74
69
74
73
65
64
198
196
191
197
192
194
198
195
99
36
38
33
97
86
84
81
85
82
87
83
62
28
62
61
61
29
65
63
32
60
57
46
207
201
205
79
82
71
180
171
178
37
40
38
24
72
72
68
66
73
68
71
59
29
67
58
63
59
57
61
25
56
68
62
34
37
31
72
67
83
63
183
172
37
38
35
36
83
73
75
76
75
74
82
62
32
62
62
55
92
76
74
82
73
206
203
204
181
193
41
73
70
88
65
179
39
40
37
40
29
36
24
33
32
33
30
66
32
67
59
55
74
220
222
212
219
206
197
197
197
177
186
45
73
63
78
175
34
42
39
39
34
39
37
28
29
31
28
65
30
67
58
58
47
61
224
211
216
29
205
194
196
197
182
46
72
68
80
174
35
40
36
37
42
33
81
77
77
74
84
63
31
59
61
59
64
47
60
237
221
30
213
197
196
194
184
45
75
69
72
174
38
35
47
40
37
37
74
70
74
67
71
61
30
66
57
61
57
52
78
230
213
238
27
207
203
187
188
43
76
64
81
174
36
40
38
38
40
37
74
72
66
72
73
60
30
64
60
60
53
79
73
231
234
216
208
214
30
206
180
46
75
68
76
173
37
40
38
43
36
35
79
71
76
74
73
66
29
71
61
60
84
208
64
232
232
216
206
31
50
203
180
48
70
69
77
174
38
35
40
38
35
41
19
91
18
83
27
67
30
27
31
25
68
202
64
229
232
218
199
216
28
202
182
45
80
68
79
176
38
38
43
39
43
37
40
24
93
26
33
68
65
68
58
78
226
230
63
228
208
236
28
204
205
198
181
48
73
65
80
170
34
37
39
35
41
38
37
38
30
39
36
32
36
34
22
58
234
234
55
233
223
30
211
194
195
196
186
45
73
77
73
173
37
43
36
44
34
39
39
38
41
34
39
39
38
28
82
222
227
52
241
234
225
31
205
193
196
197
181
47
73
71
71
173
38
37
40
37
41
36
40
40
38
42
38
36
33
81
74
224
50
231
233
217
222
202
194
196
196
194
189
49
70
68
78
171
36
38
38
38
40
39
39
37
42
35
39
26
81
72
71
227
62
59
64
67
52
204
200
191
191
189
33
61
71
71
72
173
37
40
39
36
37
39
35
40
37
40
25
85
67
70
74
232
228
232
226
216
203
41
44
205
182
25
195
48
75
71
75
174
32
36
36
35
34
38
33
36
36
27
81
73
72
67
72
234
246
229
234
211
210
209
203
195
197
203
192
38
53
69
80
173
63
57
59
64
66
59
69
59
61
61
77
68
70
69
67
236
242
250
231
238
239
217
192
195
198
206
27
200
48
72
76
170
49
55
49
52
51
55
51
53
57
60
72
65
77
67
73
240
242
249
247
232
236
211
218
192
194
207
44
187
47
73
74
177
170
185
183
165
166
167
150
154
55
53
71
73
69
67
72
236
248
246
247
249
233
240
215
219
196
203
40
191
46
68
78
172
226
171
177
172
158
160
159
148
50
57
74
69
71
67
70
48
247
243
251
244
248
235
215
216
190
208
42
193
44
78
76
170
216
238
163
172
179
155
161
168
51
58
74
71
66
73
69
65
243
251
243
249
249
230
237
214
216
204
40
188
47
72
78
176
234
235
237
167
173
175
161
166
46
53
75
70
73
70
68
71
50
244
243
246
246
249
239
237
216
205
36
191
47
72
76
173
234
250
229
236
171
177
158
170
52
60
68
74
70
74
67
70
73
237
247
248
248
247
235
238
217
214
47
188
44
74
75
175
240
250
248
236
167
179
174
170
50
56
72
72
72
71
70
73
68
49
240
247
241
250
248
236
227
34
38
195
46
69
79
174
252
251
251
239
233
179
190
177
54
57
73
71
71
71
69
70
71
69
48
239
239
246
244
234
207
227
225
189
43
74
62
176
24
25
30
25
34
37
40
37
55
58
72
69
71
71
70
70
70
72
67
69
49
232
238
231
235
216
225
27
72
67
184
174
245
247
242
247
232
176
191
172
52
56
72
69
71
71
71
71
73
71
72
65
65
69
76
42
48
32
30
66
67
181
177
193
238
251
245
247
231
172
173
186
49
56
72
69
70
70
70
71
70
69
72
68
72
74
60
212
201
212
202
204
198
192
193
195
235
254
248
246
236
170
172
184
49
56
74
71
70
70
69
70
71
70
71
73
72
66
65
196
195
190
197
191
197
199
197
194
235
254
247
248
233
173
179
182
50
57
74
70
71
72
70
71
69
72
70
72
67
75
60
199
194
198
194
198
197
189
195
130
238
253
248
246
234
173
174
184
51
57
72
69
71
74
72
71
72
74
69
74
73
65
64
198
196
191
197
192
194
198
195
99
